100 100
969 369 531 730 252  90 338 619 877 304 861 188 126  97 966 674 920 729 499  287  656 758  957 331 114 912 827 160 627 395 758 273  631 636  101 395 630  157 875 295  807 420 349 554 601 247 1000 506 978 764 434 570  79 535 459 913 854  549 619 901 484 502 334 569 677 153  645 428 856 308 882 300 836 809  30  527 484 268 632 861 576 287 904 166 605  777 632 319 642 625 288 542 329 200  98 783   0 792 259  38
948 937 914 901 100 161 688 788 847 349  94 420 464 422 430 430 250 481 988  371  524 416  762   6 564 521 781 258 863 293  42 359  215 860  382 710 325  601 443 805  503 380  69 513 430 100   30 759 786 841 325 448 241 807 944 529 785  334 489  51  65 424 657 682 778 471  707 215 250 194 733 454 199 540 748  846 784 386  33 948  54 487 237  40 146  534 547 722 613 585 218 608 930 801 868 608 189  32 442 855
324 673 436 568 560 448  57 383 200 946 832   1 203 622 633 722   7 251 801  591  862 267  227 875 161 183   5 541 583 190 388 314  668 733  113 397 563  344 520 148  978 726 962 618 744 658  376 432 514 807 881 247 785 136 409 447 178  707 958 276 818 567 226 620 820 952 1000 953  19 563 546 795 263 232 728  694  54 788  97 110 345 238  61 394 696  595 647  42 150  28  38 696 875 805 205 645 629 676 762 599
206 414 191 438 416 767  25 675 941 580 853 367 748 635  53 986 195 744 853  951   92 878  250 284 656 394 837 176 116 668 201 331  388 317  475 809 272  508 109 881  200 515 170 163 115 915  353 812 753 250 553 601 806 658 582 313 366 1000 912 142 404 751  99 742 922 179  772 495  75 871 665 996 173 877 810  901 426 391 158 466 544 931 974 164 351  249 884 823 321 879 563   0 668 299  50 848 292 879 601 517
  1 782 342 717 995 751 646  40 269 993 362  29 761 792 167 874 398 656 207  827   88 170   15 272  47 986 998 905 861 209 416 833  288 917   44 711 241  370 623 674   64 587 889 434 774 493  964 484 393 531 208  33 305 913 675 619 655  149 915 108 657 178 656 578 617 220  663 465 943 396 638 933 659 937 672  698 327 827 956 682  91 510 595 324 544  333 364  75 901 965 754  93 177 459 251 828 912 970 373  50
300 219 257 799  67 511 657  91 662  75 488 343 710 532 766 267 834 901 229  288  268 130  240 847 406 315 158 356 571 331 907 750  384 394  397 844 321  641  33 440  111   3 915 413 417 485  710 850 828 508 934 551  67 652 916 742 301  481 296 791 448 354 799 275 760 379  870 999 227 455 328 718 464 484 737  827 635 822 775 354 630 178 842 394  37  853 531 385 498 610 406 696 297 469 349 685 987 999 266 686
792 301 578   0 266 935  65 454 523 385 305 384  16 915 194 805 630 271 703  801  506 179  241 223 722 605 764 683 122 159 565 687  594 570  179 440 615  733 525 408    6 285 383 269 465 139   16 810   7 931 531 289 512 567 575 992 283  481 758 798 505  83 581 460 974 658  570 830 726 247 312 113 990 839 827  933 879 435 105 643 133 171 135 752 427  314 650 281 955 879 229  33 267 322 148 904 873 721 606 163
970 149 275 338 920 719 547  46 537 119 356 451 157 786 103 306 761 454 223  999  851 228  741 219 455 333 657 843  35  98 939  65  498 299  539 159 116  955 716 165   29 565 674 510 686 762  633  14 408 672 340 202 463 596 231  94 221  659  71 159 599 249 986 591 891   8  130 524 224 885 758 790 168  58 424   30 679 464 497 200 974 434 631 783 366  588 347 104 999 314 997 528 680 658 185 332 192 889 960 485
998  88 172 797 273 150 366 219 122 207 111 783  44   8  16 117 350 871   1  275   74 637  674 126 875 616 348 333 117  60 373 183  501 933  555 889 222  642 435 842  707 850 664 844 402 406  801 263 485 686  88  46 770  30 609  76 359  353  41 646 714 904 298  25 699 540  382 218  48  89 200 551 499 392 501  165 637  84 903 704 149 926 988 641 182  600 562 793 582 912 315 806 137 134 384  18 866 468 537  60
279 284 440 774 352 112 470 981   6 320 185 213 580 339 382 739 722 967 773  333  850 722  394 646 446 888  83 741  77 278 223 878  864 159  137 281 361  905 872  88  325 222 896 381 411 712  904 725  75 401 280 441 341 803 604 434  13  827 486 714 644 197 610 158 244 154  180 503 837 259 721 468 645 990 926  332 504 593 844 737 986 610 147 105 553  609 346 116 998 792 311 180 995   5 844 890 629 235 700  56
697 894 119 483 826 222 775 166 383 392 337 125 431 678 926 706  57 648 339  577  209 614  114 975 510 521 523  30 886 515 467 427  132   7  255 273 594  907 941 313  722 332  64 841 773 685  275  46 894 911 969 817 307 904 219 285 259  280 384 628 983 363 943 851 770 543  761 724 237 431 118 556 980 877 803  946 299 602 405 567 889 770 615 820 297  606 693 709 289 224 722 175 637 620 374 444 606 265 466  99
186 585 987 304 819 275  47 998 532 207 600 455 505 169 287 152 405 500 969  755  541 903  900 256 624 784 193 582 712  93 148 843  444 855  554 522 965  839 455 384  949 339 904 252 177 414  264 748 611 833  18 324 768 592 289 964 590  432 333 854 294 740 192 347 279 558  250 190 872 411 369 257  60 686 414  790 230 446 487 376 419 143 248 208 372  478 167  32 222 431 418 363 444 755  88  23 694 979 371 823
680 131 563  42  88 670 902 166 492 213 494 923 251 506 661 211 428 963 721   26  323 475  557 101 399 907 595 680 558 926 727 295  571 736  234 412 758  756 537 840  912 538 938 413 231   6  412 456 149  32 794  56 167 220 512 566 627  988 864 389 882 662 675 901  36 555  798 683 963  79 188 280 297 149 695  614 759 105 875 925 918 580 298 831 541   33 533 438 621 853 680 166  42 302 348 676 802 403 362 927
881 200 973  46 208 462 367 684 570 839  94 855 684 201 885 160 623 266 733  372  986 317  898 640 700 961 804 596 307 203 404 124  654 883  712 846 714  712 209 976  603 583 438  52 378 933  816 104 213 141 863 821 506 266 869 648 939  102 637 482 454 260 884 295 320 414  214 775 413 424 105 649 971  43 489  114 422 745  63 735 725 242  78 353 473  411  10 982 389 319 830 254 193 317 279 635  56 126 319 267
226 577 934 433  87 765 355  17 728 155 200  69  82 461 343 367  97 474 404  847  741 513  466 698 523 479 892 332 368 776 615  29  463  32  355 814 748  999 861 309  642 644 517 990 810 145  959 438 200 905 964 104 675 263 465 158 574  547 918 763 191 137 292 566 925 624  438 569 566 283 302 505 516 476 226  613 765 471 883 419 124 504 362 730 970  696 480 819 114 516 153 630 999 624 974 110 997 646  65 211
878  40 175 731 171 496 322 274 627 637 390 651 554 664 921 921 241 815 326   63  189 431  973 669 151 961 537 560 837 233 220 248    2 761   66 186  88  219 758 578  620 199  89 942 701 647  192 569 741 962 112 964 537 990 939 251 693  761 530 868  89 133 924 277 307 614  393 679 188 770 895 855 813 651 117  400 908  32 996 576 329 379 106 806 111  707 125 143 256 516  28 855 228 624 639 317  68 990 997 537
401 441 342 767 482 184  31   3  82 370 814  38 791 758  94 535 285 824 516  232  242 685  832 467 291  57  64 702 573 267 937 593  921   5   47 374 867  176 480  71 1000 724 646 845  26 502  637 922 856 257 399 687 536 178 573 302 491  141 939 369 244 791 488 805 585 637  202 985  63 564 178 774 469 744 159  241 616 322 519 263 455 606 690 708 373  167  58 732 237 911 315 403 707  25 628 880 373 865 355 353
553 923 871 681 365 582 744  93 875 626 268 320 403 174  84 957 543  57 568  827  810 738  934 176 544 825 205 826 198 258 137 904  592 450  826 613 910  707 395 905   10 345 565 883 399 722  318 999 866 654  54 826 324 932 827 963 217  160 141 998 968 866 398 135 346 547  318 879 136 266 392  87  35 515 904  592 834 545 785  80 256 464 445  51 948  318 587 952  33 706 391 453 420 987  85 672 831 258 773 918
651 611 337 679 562 415 409 312 184 350  70 598 259 193 640 841 858 696 166  236  672 541  621 395 651 319 221 334 120 483 257  17  220 303   52 236 201  748 428 725  304 980 329 170 929 904   42 791 361 330 547 503 204 144  10 703 313  630 277 595 707 307 434 237 649 188  260 561  72 170 768 544 710 792 330  765 655 255 468 905  65 175  31 218 480  399 975 280 625   0 399 133   5 221 902 844 832 149 942 416
238 104 104 376 909  45 266 893 665  24 546 274 140 875 303 768 926  27 493    1  602 900   98 961 405 860 845 367 439 690 527 254  975 813  488 998  84  508 777 919  655 219 640 730 108 465  984 436 916 438 146 884  42 187 900 545 603  334 142  95  21 811 875 352 704 370  515 960 924 956 742 439 463 995 599  200 135 879 631 476 848 262  48 493 203  684 518 791  77 498 822 676 785 914 929 425 809 966 827 462
170  98 114 996 327 146 163 485 705 771 282 257 181 346 160 993  74 395 493  530  679 330  638  88 393 200 513 620 530 166 701 996  104 788  265 651  50  163 304 499  742 754 404 481 358 655  155 253 146 911 838 822 933 429 483 276 269  859 450 858 390 426 247 727 711 884  196 365 742 690 298 451 248 815 232  559 639 847 919 878 172 728 871 582 919  634 454 274 835 661 714 447 455 599 477 528 595 334 780 971
114 572 312 225 262 265 594 342 869 746 849 986 619 947 939 174 784 280 776  469  943 500   18   8 189 553 172 160 131 993 784 505  150 528   43 742 648  715 343 358  394 871 548 439  75 895  215 647 408 279  57 495 679 103 977 892 132  143 928 547 576 756  82 522 739  77  779 133  86 928 828 472 660 637 493  878 987  91 232 836 329 813 643  50 704  939 688 352 641 544 276  42 142 473 934 477 888 445 363 267
180 574 132 268 679 508 196  88 899  78 852 760 524 608 699 598 868 566 578  932  509 751  724 435 195 831 308 790 453 691 884 318   14 733  635 922 724  898 449 394  555 763 786 408 518 795  772 438 733 292 419  31 639 536 958 479 215  114 265 511 573 531 949 363 271 110  437 827 479 498 199  16 143  34 308  286 323  50 125 262 404 675 676 831 870  600 926  60 372  97 676 605 165  61 129 414 683 576 859 674
214 978 842 464 493 175 210 513 886 613 719 198  57 323 654 762 216 145 383  217  214 995  336 716  75 701 547 286  98 965 590 624   72 311  341 368 743  104  89 965  793 999 983 427 713 706  164 225 837  70 995 673 172 443 157 777 936  472 104  77 457 514 441 597 732 501  897  56 781 732 406 125 442 166 759   20 360 750 505  84 833 457 770 664  20  837 888 840 658 924 844 424 161  76 392 330 851 543 766 120
879 817   6 392 924 881 632 598 105 438 216  68 570 924 942 664 677 261 693   34  451 114  838 986 858 204 235 665 209 399 360 597    2 972  660 872 635   71 250 504  787 627 758 594 796 889   26 930 329 703 711 333 703 316 545 656 389   37 478 837 467 564 737 575 749 172  833 457 507 253 659 839 841 399 572  426  88 581 495 603 692 429 369 363 328  473 675 208 348  98 441 400 147 736 479 523 441 350 560 354
637 525   2 629  88 893 661 926 472  75 847 275 646 696 281 940 963 294 985  222  743 868   95 701 737 504 418 853 625 321 412 476  222 684  180 173 553  982 647 438  519 767 584 246 870 871  425 826 286 637 669  57 999 202 876 568 615  577 301 367 839 359 681 929 859 596  407 639 817  18 473 301 422 701 284  455 789 103 544 220 805 480 543  84 952   76 890 155 652  73 837 423 385 945 957 694 191 747 482 430
161  94 847 479 171 832 839 454  75 174 354 492 450  81 605 771 267 629 996  185  480 297  423 769  81 227 511   3  42 624  34 264  391 478  911 391 630   25 681 960   34 691 868 194  63 649  632 238 788 687 953 239 724 935 368 642 151  354 778 381 713 179  29 520 580 161  862 750 382  84  87 333 808 100 838  195 688 129 779  82 912 374 250 658 852  703  69 531 583 203 308  47  86  65  59 373 849  24 213 274
804 889 409 580 883 853 197 383 540 599 971  26 570 835 743 579 350 400  45  763  539 735  354 247 853 806 170   5 413 603 248 550 1000 712  950 864 274  627 513 910  460 402 928 394   7 882  426 295 798 532 632 845 336 551 461 852 558  116 249 466 997 778 527 294 173 788  154 848 128 240 929 139 477 775 963    0 436 446 590 413 494 246 611 953 848   48 885 393 552 972 147 841 622 985 853 279 416 407 717 650
 17 692 271 157 810 633 901 550 970 305 131 931 696 141 489 961 309 451 868  864  599 676  190 986 652 681  82 180 984 190 340 662  415   0  197 820 582  890 383 674  743 106 347 417 913 621  672 545 878 539 661 552 675 713 710 775 250  486  80 792 953 658 175 774 496 856   90 378 757 572  56 534 338 992 628  832 878 707 369 153 287 902 964 186 992  275 134 507 688 226 687 383 740 391 628 833 303  31 910 672
961 594 849 545 440 388 477 733 855  17 135 241  80 410 667 326 943 510 279  498  760 109  885 345  58   2 243  44 455 557 634 470  166 432  191 670 453  325 131 871  412  46 288 997  36 714  591 701 732  17 336 242 844 564 742 806 681  709 924 935 665 977 916 745 538 597  794 252 578   7 231 859 187 490 496  270 722 683 945 797  38 577 775 946  40  263  57 399 924 127 525 170 743 494 507 349  12 948 179 770
141 489 598 918 302 893 514 967 279 376  90 778 700   7 885 979  43 450 400  723   44 352  999 509 623 305 334 266 669 189 673 130  456 821    1 124 388  536  94 998  768 134 809 402 149 798  635 310 599 199 130 584 859 361 639 972 469  537 219 552  43 438 154 349  88 396  863 731 983 657 272  65 106 349 625  910 542 639 590 852 481 989 445 327 202  664 585 607 567 106 632 721 701 816 586 275 676  54 423 116
538 743 808 267 130 783 755 822 427 544 159 889 992 696 908 733 451 594 735  380  889 850  760 503 836 167 964 637 169 927 139 173  193 803  422 767 207  415 187 516  448 456 530 363 290 171  876 637 804 123 281 442 755 657 940 203 253  215 438 847 406 284  90 999 770 432  905 627 870 322 406 208 867 455 793 1000 353  69 827 537 469 676 454 201 590   36   9 225 725 122 620 724 233  13 615 617 478 316 850 215
744 361 945 506 249 874 568 250 394 917  35 612 208 418 727 417 686 432 780  681  952 552  699 360 165 371 582 663 357 378 433 835  727 316  570 368 266  746 381 528  358 410  44 883 537 775  595  27 601 721  95 924 412 781 594 946 284   19 723 613 943 720 274 140 426 260  592 723 474 853 111 598 786 620 779  378 152 586 653 330 516 344 350 210  76  926  20 678 675 581 975 553 198  74 379 624 117 966 674 412
 69  26 430 590 570   0 998 692 244 775  53 843  69 163 382 948 768 750 348  905  921 671  605 576 263 122 325 705 417 297 119 538  769 774  226 787 963  358  93 924  596 402 933 647 937 362  138 653 272  54 373 168 484 704  38 157 744  114 577 611 544 502 225 110 825 786  191 500 652 235 611 672 979 192 490  411  98 454 225  14 927 885 142 307 914  403 453 691 488 110 559 840 352 344 119 913 636 941 986 873
875 226 193 567 946 210 251 487 751 865 456 639 841 872 461 864 236 474 774  162  429 996  864 220 625 413 461 852 449 702 370 378  416 228  909 498 321  915 760 899  984 934 965 832 792 854  251 274 842 650 793 345 367 548 799   4 446   71   0 488 742 190 575 303  45 961  704 729 555 776 417 803 543 173 309  739 732  33 234 683  36 565  64 347  41  782 962 871 859 255 603 924 213  59 950 149 262 336 137 478
683 459 543 305 248 452 139 655  33 961 800 826 364 628  20 458 961 506 745  122 1000 855  750 912 169  27 172 382 926 650 747 747   22 494  113 809 655  893 372 710  967 779 706 387 539 447  636 861 951 934 322 607  19 389 411 940 748   52 474 825 418 751 283 556 188 711  941 395 205 814 333 740  59 383 346  536 444 323 843 657  30 599 792 963  11  110 962 277 937   3  88 488 169 260 538 832 414 523 972 440
476 776 193 724 892 873 750 890 307 887 255 813 484 751 585 115 715 534 992  928  994 840  805 511 254 293  39 789 113 199 381 921  405 455  143 914 629  317 800 527  850 115 385 709 174 951  503  99 446 308  84  65 344 282 684 403 789  111 926 642 664 244 234 227 820 841   30 353 707 481 435 280 711 680  57  881 784 821 598 219 537 487 774 351 318  762 204 194 530 651 441 540 550 257 313 910 144 746 550 120
680 447 189 886 771 511 486 239 204 693 416 570 898 282 669 673 499 120 117  782  382 953  648 171 754 293 170 931 955 557 417 917   30 352  893 100 837  637 320 189  289 218 630 637 406 699  253 922 333  33 587 684 674 413 394 249 595  332 159 449 645 148 981 659 234 304  166 413 758 476 619 454 641 375 745  588 886 790 958 968 927 521  35 909 386  722 156 628 339 330 902 813 886 256  67 941 427 304 575 195
351 980 253 135 219 520 925 138 158 282 291  59 623 931 684 357 218 128 387   99  181 172  290 953 784 182 992 819 881 851 511 494  901 142   43 919 629  370 293 842  270 294 564 913  96 749  149 364 129 936 640 114 383 858 397 580  10  513 194 931 680 218 795 952 476 317  425 661 717 105 155 433 131 829  44  930 313 991  80 224 327  54 488 602 171  957 483 504 254 774 258 350 487 523  39 713 649 218 506 569
333 596 342 366 515 791 572 925 880 717  75 561 988 784 815 256 614 512 999  193  707 796  717 616 634 873  41 174 762 580 904 583   26 354  746 942 638  874 164 837  871 806 142 129  79 968  565 552 905 811 609 150 324 130 217  10 607  865 505 957 819 899 950 221 146 299  974 416 328 908 630 753 279 899  12  255 105 278 554 658 357 307 525 903  50  890 362  24 890 872 170 850 376 531 227 807 603 692 821 869
 47 252 704 283 874 804 415 212 791 273 730 221 339 911 383 793 461 612 753  505  764 876  216 383 971 308 654 283  39 802 311 279  368 812  440 163 491  639 467 592  532 877 929 753 666 434  900 374 673 293 986 578 133 934 936 284 332  774 467 477 519 768 832 867 949  47  115 353 848 825 632 643 373 502 287  181 417 228 739 880 340 405 298 856 250  767 765 545 773 166 509 943 384 458 199 307 453 125 357 966
773 401 737 769 208 718 938 667 195 596 721 838 764 168 332 803 511   4 432  981  257 553  363 549 732 929 125 346 620 740 563 353  920 742  904 153 212  894   3 118  852 282 391 792 859 670  725 386 141 882 869 414 114 498 373 530 325  316 241 521 628 442 794 694 108 313  242 942 208 402  90 792 667 532 527  181 232 299 982 755 127 482 760 122 227  113  22 536 116 209 484  38 516 476 632  32 238 485 742 616
695 168 713 757 105 497 701 222 478 397 821 979 441 215 349  37 788 850 256   92  826 312   83 556  47  76 652 173 395 443   8 135  390 973  390 285 408  710 722   7  687 824 610  89 336 426  283 211 806 128 801 538 384 614  32 773 425  330 571 806 961 235 873 835  56 217  879 649 249 380 300 322 313 930  98  320 373 401 951 401 620 921  67 824 165  880 357 163 734  47 190  91 517 805 140 998 165 803 935 983
615 679  41 272 362 706 342 389 132 184 405 541 601 281 488 488 750 558 306  979  473 791 1000 847 694  85 430 714 733 983  24 674  139 291  987 923   3  133 100 377  787 813 294 290 571 827  595 772 938 698  66 331 219 358 804 637 478   38 548 553 150 870 190 752 178 490  895 646 502 110 867 997 553 289  29  303 353 541 300 923 436 859 979 138 521  298 837 302 335 536 446 989 918 856 721 643 949 221  75 975
850  47 452  75 947 364 938 388 491 744 104 910 507 757 886 755 682 638  45  212  756 912   93 675 571 699 925 974 965  56 635 884  598 751   86 501 918  675  58 517  381 277 201 571 855 885  383 445 944 981 437 843 723 157 382 926 543  549 314  82 554 261 746 241 366 847  456 443 555 102 990 928 691 405 515  191 768 103 179 501  78 724 835 575 183  464 168 522 656 271 375 899 513 962 768   3 942 539 888 348
348 909 268 806 980 540 948 558 127 406 706 240 785 189 282 429 283 504 226  766  501 586  149 461 777 187 249 644 390  51 872 526  366 224  545 902 716  438  82 523  451  15  86 990 229 786  860 625 357 871 696 599 787 900 485 105 422  806 109 978 877 602 271 815 476 421  869 613 383 963  33 196 628 627 417  574 108  61 222 330 683 869  72 761 115  196 773 181 103 558 727 894 427  60 389 102 628  69 280 710
501 848 680 912 517 702 987 147 429  61 207 771 786 111 481 229 552 887  20  748  953 153  366 186 630 543 920 139 578 421  25  31  701 105  662 873 915  893 870 133  166 290 118 616 733 644  920 322 641 711 877  38 937 727 882 345 770  711 378 911 114 372 399 507 721 425  361 578 269 909 763 736 502 756 940  452 133 885 534  12 301 796 410 223 602  643 657 153 219 504 408 465   6 217 521 946   8 204 927  45
 17 385 978 943 716 288 611 545 126 444 726 852  18 243  20 703 188 763 611  817  951 315  298  64 931 928 561 650 281  83 565 260  378 443  124 840  73  439 700 445  347 594 438 611 735 179  470 273 491 258 406 187 820 689  23 292 623  401 607 777 170 192 543 926 471 249  168 360  29 800 957 661  14 442 266  429 885 117 204 597 668 162 532 360 862  731 476 312 125 443 953 243 643 386 806 451 754 182 926 909
768 346 800 744 201 913 457  63 817 561 792 352 100  16 511 619 155 398 497  121  204   0  984 799 671 501 198 301 657 492 877 541  923   3  616 808 604  748 520 406  906 384  49 469 293 174  674 211 516 147 819 563 689 758 583 825 870  832 651 283 839 407 959 923 543 143   80 566 615 876 291 736 148 403 236  759 560 878 782 820 966 819 488 272 555  822 158 352 360 807  92 736 582 634 924 732 430 588 322  82
930 732 932 220 317 260 587 732 560 225 796 144 441 968 949 274 362 773 703   69  617  71  493 884   3 503 898 401 440 820 973 392  278 358  728 618 242  667 844 947  763 393 274 976 842 257  248 819 359 906 469 422 749 783 308 189 497  810 179 683 363  83  62 867 943 690  636 701 166 234 269 724 644 322 433  106 179 919 797 648 727 104 875 434 730  614 216 657 653 792 978 624 850 251 254 553  16 309 748 964
689 159 202 978 847 584 161 264 433 310 327 502 556 114 716 236  96 280 353  987  844 583  756 585 906  78 743 169 918  16 290 542  661 822   67 923 767  779 166 287  491 403 575 508 476 899  537 111 565 719 973 935 411 582 652 806 305  859 667  93  99 289 474 973 387 375   41 527 487 652 337 289 927 157 196  472 133 153 600 826 639 991 366 284 597  599 339 414 615 157 284 464 990 770 894 237 992 469 967 892
996 363 607 907 901 537 599 693  72 258 870 858 937 812 454 314 697 953 694  477  297 428  320 589 469 684 254  97  99 714 121  95    7  30  655 594 282  810 169 107  811 640 287 864 988 887   33 838 661 237 931 514 948 850 681 859 795  209 761 772 449  52 787  93 646  23  456 737 105 866  45 828  85 467 776  108 305 766 175 631 612 467  71 512 348   90 493 863 555  15 187 353 474 709  39 142 745 863 138 797
 69 330 336 628 852 914 547 630 138 354 988 816 625 249  43 283 251 930 700  390  534 199  448 944 207 728 371 818 102 823 639 259  195 878  377  54 973   54 321 759  170 867 999  65 678 122  947 764 600 777 176 251 862 472 248 157 650  149 406 713  66 147 324 444 835 241  557 214  91 544 156 121 895 687 245  763  81 323 324 497 764 766 780 593 149  376 862 575 607 718 787 767 827 369 737 231 153 867 995 663
375 142 107 836 756 655 658 165 605 583 914 518  87 825 297  18 398 910 239  236  526 175  552 733 486 201 866 425 232 112 757 981  885 217   48 649  30   24 908 570   87  45 733 551 138 310  901 843 875 485 240 775 505 898 470 841 147  194 955 448 381 882 640 645 225 503  799 316 546  28 308 589 203  46 215  235 213 816 897 379 183 793 298 592 266  431 374  63  98 236 798 971 790 426 427 777 757  31 769 413
379 794 789 421 788  60 880 954 916 942  17 424  17 285 132 477 414  89   1  797  580 455  832 604 109 470 950 480 961 877 685  58  526 611  437 170 356  610 932 214  364 787 106 673  35 491  407 180 727 594 802 126 861  15 218 481 778  696 669 913 944 826 613 302   9 527  832 330 158 169 226 633  72  35 644   75 538 824 564 396 273 875 706 491 687  555 228 818 650 671 669 768  39 534 220 346 143 356 524  13
399 324 955 469 707 868 233 687 739  93 945 289 425 457 483  62 714 961 694  987   58 224  569 503 467 840 140 424 538 951 953 802  561 193  713 663 556  299 512 429  122 500   5 332 109 781  619 218 203 276 862  86  81 636 271  13 307  651 322 216 915 901 225 577 250  70  620 200  54 893  33 485 777 367 287  559  77 568 983 164 158 150 429 677 666  349 779 251 174 829 320 422 892  39 681 604 333   9 664 113
683 168 310 626 285  97 733 424 198 465 206 822 643 415 846 346 668 984 502 1000  963 574  419 556 123 789 623 779 879 335 507 286  368 887  295 761 196  604 753 435  464 988  13 960  77 593  637 130  72 372 100 286 217 590 589 526 844  429  17 134 348 286 257 898 499 824  687 736 672 422 129 533 390  93 736  476  80 202 855 126 449 279 261 277  87  105 700 215 609 170 509 790 447 550 777 488 441 244 566 552
935 300 427 492 835 206 690 598 189 412 130 608 307  43 697 798 873 675 363  798  323  12  408 486 206 180 240 618 728  29 612 887  505 163  135 861 114  734 145 668  727 340 550  41 248 938  147 762 955 484 869 401 128 664  76 496 884  975 738 267 978 156 195 354 326 396   49 131 182 345 648 518 373 589 842  278  89 397 561 236 226 306  46 249 339  722 264 288 678 123 615  39 741 494 289 491 730 953 541 364
794 923 695  40 337 887 332 326 620 541 352 899 784 239 676 188  40 715 563   48  167 895  145 918 217 476 197 393 152 255 518 357  209 802  888 369 844  333 172 287  665 192 343 834 531 365  173 567 551 683 400 412 953 847 147 693 322    5 461  56 235 510 329 987  50 595  841 328 448 500 349 828 661 496 974  571 122 507 349 363 469 360 383 316 456  745 219 987  76 194 619 774 933  47 702 206 218 164 810   3
966  67 526 764  92 249 315 377 734 362 861  42 345 565 317 738 581 302 981  185   78 167  510 347 764 457  95 253 865 756 445 680  636 757  950 514 412  264 946 587  649 481 911 341 145 510  244 767 370 539 477 304 571 619 455 365 753  103 262 862 248 298 910 138  81 799   84 856 191  54 216 499 230  53  56   38 327 263 699  37 296 479 706 888 521   60 602 318 335 486 587 941 639 667 610 383 770 869 545  23
634 885 455  21  36 759 541 136 363  50 781 215 834 271 830 680 151 166 632  316  926 181  644 735 683 558 527 580 185 112 196 642  774 193  848 529 191 1000 297 894   24 878 740 202 290 458  485 101 206 769 249 123 878 415  25 334 344  853 832   0 744 614 731 864 431 461  396 205 422 910 191 438 367 474 714  259 710 772 392 634 945 193 807 586 950  795  19  92 257 584 658 324 818   3 366 836 867 642 902 103
922 592 355 338 759 535 548 616 269 382 137 754 203   8 433 864 201 865 333  110  788 118  260  64 643 822 387 178 957 296 266 485  355  13    0 437 177  145 779 439  156 222 601 361 836 650  553  46 982 918 822 712 879 225 616  79 108  964 996 322 126  82 442 713 672 623  413 712  31 612   0 325 760 446 745  756 580 472   8  44 202 664 472 947 154  727 595  11 405  96 752 421  95 595 533 363  64 913 282  95
194  70  87  83 486 812 951 364 379 186 129 745 211 415 516 338   7 865 791  371   56 935  929 539 768 651  73 232 756 925 273  58  209 718  482 716 248  812 806  66  511 299 604 708 482 982  529 163 118 681 509 910 462 111 500 749 919  339 808  82 911 123  88 700 911 985  707 332 926 682 106 294 917 354   8  278 355 222 783 958 716 515 648 152 992  278 234 831 922  84 870 815 548 821 627 408 728 362 406 494
277 445 309 987 707   6 237 841 100 587 613 934 713 934 361 504 477 782 681  864  736 474   59 860 541 822 576 136 968 117 649 629  794 482  825 281 444  669 281 464  387 704 553 204 616 787  337 525 231 409 265 374 227 565 280 795   0  202 828 579  44 665 233 390 901 600  408 767  53 494 974 492 630 741 694   43 880 494 735 458 111  24 720 519  91  947 672 693 393 112 644   4 148 591 173 937 835  52 928 184
558 275 430 736 893 826 835  93 737 838 257 944 391 866  76 581 913 138  25  643  665  73  654 431  99 153 218 856 449 881 490 510  794 839  610 386  84   54 818 599  962 160 405  92 241 126  583 856 817 235 739 662 574 944 267  75 380  778 330 997 776 656 237   6 250 773  805 894 457 513 320  20 105 508 134  965 486 767 161  86 572 840 610 155  51  209 896 990 368 194 149 765 859  55  87 210 104 442 756 227
731 265 940 195 341 629  36 437 865  82 238 241 667 918 373 825 627 433 517  225  998 412  972 767  30 235 390 824 795 725 261 458  765 570  933 931 344  472 759 162  304 297 491  72 927 682  667 841 515 765 396 357 728 424 316 965 280  283 718 884 272 421 641 626 153 397  524 687 118 739 364 237 676  10 809  224 782 936 470 790 611 775 733 394 628  104 845 766 514 451 256 554 607 880 211 310 687 850 690 349
919 232 914 875 365 352 954 109 988 916 466 754 452 341 725 496  59 345  92  330  786 822  150 376 544 331 641 213 732 118 902 870  621 960  900  31 828  315 819 187  283 273 991 677 300 399  557 784 122 903 157 596 570 411  83 861 303  561 797  15 216 638 661 597 856 228  500 627 817 711 617 990 850 292  34   63 121 498 507 821 548 683 756 190 966  187  48 885 392 940 736 856 789 230 661   8 739 525 786  87
416 800 537 799 916 323 989 280 500 745 996 562 462 247 424 826 138 699 705  849  381  77  762 713 938 716 818 311 663 246 280 277  668 282  656  92 616  960 300 356  782 547 456 576 461 273  397 194 888 793 649 151 395 586 154 997 138  374   4 661 180 521 490 738 222 280  462 159 226  62 600 649 810 381 388  595 619 875  66  21 628 323  54 526  80  159 835 616 499 264 439 371 662 992 996 445 888 267 543 814
787 581 389 471 676 653 780 292  21 302 642  43 494 398 932 429 326 481 816  924  472 264  709 877 863 982 203 526 355   0 493 269  874 400  410 809 693  429  27 247  365 278 502 234  70 248  369 240 787 965 472 878 779 366 234 377 426  862 330 575 654 348 773 172 951 504  856 112 805 344 649 436 315 198 636  675 409 173 478 608 548 372 595 280 173  411  39 990 477 125 385 211 743 300 955 256 188 764 180 766
792 923 308 807 737 678 849 666 549 458 596 361 966 434 302 418 944 642 762  134  895 921  366 273 161 777 569  32  17 332 137 935  268 499  299 789 448  952 861 415   57 147 467 653 109 557  524 563 896 729 666 255 526 317 939 677 305  418 806  50 771 158 853 637 429 959  496 165 644 189 445 102 713 341  58  174  14 600 323 822 102 436 339  22 258  694 114 193  29 353 132 505 266  17 934 737  71 555 888 899
388 899  47 283 939 676 314 815 989 307 323  77 600 332 753 804 816 369  38  865  597 724  773 901 854 968 240 600 363 249 324 366   58 444  626 518 303   19 714 692  708 911 161 875 933 799  682 582 414 888 714 372 938 619 721 483 575  969 847 835  34 870 557 395 736 605  714 968  20 846 597 966 809 116 704  473 663 437 307 918 153 521 752 178 304  764 193 928 588 585 661 517 231 123 283 405 947 212 653 333
833 341 148  45 129 451 512  20   9 770 306 115 684 367 331 184 340 835 720  817  443 487  760 203 499 427 306 539 390 621 138 846  680 152  186  45 926  543 685 950    0 560 723 874 462 250   95 990 674 333 159 578 429 896 439 445 639  550 243  83 806 292 573  44 869 990  326 394 904 400  76 113 270 736 762  829 793 284 664 818 540 825 933 282 380  874  42 886 695 849 940 353 895 616 847 474 595 399 139 588
  4 166 179 379 729 551 856 303 744 632  37 756 964 741 117 675 858  47 558  479  415 782 1000 937 874 515 927  64 219 592 178 556  958 510  486 744 871  272 885 293  319 475 652 513 960 875  655 103 868 982 861  38 907 456 156 624 554  113 848 967 740 488 839 518 499 646   21 331 861 951 540 762 328 589 472  829 579 553 791 791 873 171  60 550 262  163 708 922 401 379 495  93   2 731 650 951 634 877 801 404
956 791 809 743 689  59 861 811 417 145 419 309 457 472 581 356 258 856 732  523   10 914  981 160 369 230 706 441 505 701 272 643  614 641   19 314 544  825 748 844  430 517 387 715 960 890  963 390 690  23 473  44 682 344 959 170 990  758 871 183   3 935  35 798  61 367  732 954 395 509 269 944 971 411 394  589 930 516 324 936  42 228 886 865 311  771 396 159 727 899 266  50  13 281   4 522  18 133 695 264
 68  70 260 968 393 400 446 330 764 458 416  96 289  33 463 655 594 745 788   60   17  14  583 152 680 894 783  67 843 412 791 843   49 417  877 320 454  526 446 397   52 730 474 416  87 938  175 526 696 638  13 148  54 927  30 954 955  318 713 707 288 993 604 436 451 717  880 220 960 537 778 130 254  20 363  585 912 989 670 539 892 860 440 554 328   66 169 169 188 722 721  95 375 988 475 473 153 747 163  55
480 296 206 747 747 300 585 897  49 517 250 534 558 822 993 365 425 540  24  911  756 597  256 114  12 542 500 675 835 620 622 442  832 150  356 820 518  315 786 396  124 310   8 671 557 365  778 484 816 329 997 214 161 495 225 104 491  887 885 507 700 441 214 826  37 932  568 754 457 756 307 239 766 573 196  485  10 780 272  96 775 341 586 634 816  211 446 255 908 606 373 822 261 486 581  81 232 706 166  75
305 601 718 352 946 832 464 721 928  81 952 127 125 317 534 924 822 188 168  263    1 978  504 943  45 605 724 495 915 831 732 740  896 277  946 756 772  678 659 132  402 659 917 697 496 874  659 578 439 965 416 461 322 113 487 676 128  228 423 356 390 678  57 576 713 639  503  60 184 653 976 252 539 312 259  576 388 556 733 281 526 518 896  18 314   98 718 621 709  84 894 849 477 686 291  70 238  20 926 599
 74 253 995 797 784 290 810  29 189 165 358 274 197 383 823 277  30 854 529  998  812 423  920 675 359 912 446 522 733 682 520 342  948 999  770 862 845  671 791 381  802  40 286 206 499 128  457 156 296 131 220 824 447 544 264 625 813  968 340 443 380  75 790 874 821 254  765 110 893 386 243 787 353 697 692  308 673 923  99 930 603 192 739 673  52  745 633 509 316  71  26 139 913 878 767 350 162 146 992 381
262 669 681 549 150 961 911 513 993 996 995 785 258 347 506 662 811 674 425  118  329  11  566 970 148  22 353 227 248  73 317 317  873 814  408 251 728  208 988 295  419 464  77 347 658   7  535 981  35 178 903 785 153 982 898 356 134  842 223 737 291 547 139 551  95 722  747 891  98 350 852 635 265 237 673  452 432 775 401 702 618 339 614 705 864  479  46 798 373 534 794 330 989 828 622 391 744 235 969 158
172 526 823 545 202 790 840 611 292 432 531 965 867 116 338 285 801 837  20  750  443 305  109   6 502 353 420 515 528 475 751 813   95 821   37 894 836   58 407 389  718  16 924 298 465 203  864 125 211 114 444 759 460 108 260 183 973  440 335 139 813  52 921 374 597 140  646 851 203 966  21 907 903 798 266  537  46 203 315 327 844 601 750 375 123  931 292 831 967 818 561 300 352 594 733 300 348 842 233 163
741 108 317 659 772 387 206  31 353 665 264 734  63 494 528 228 514 552  92  373  608 486  794  18 811 903 105 421 617 495 171 226  923 687   11 152 814   20 832 366  100 615 679 314 675  82  191 921 697 212 176  53 384 242 277 571 939  464 444 184  64 726  43  55 550 352  219 903 317 633 295  81 357 499 250  359 451 363 984 761 904 798 164 909 358  659 578 991 166 821 650 412 603 357 938 451  53 464  39 796
763 661 803 780 449 255 993 846 694 776 690 668 652 611 477 531 996 656 627  675  675 937  574 163 961 680 546 914 688 731  80 861  206 655  602 699 790  337 330 790   17 823 174 476 537 582  633 793 542 112 599 258 418 748 657 471 474  274 575 465 394 243 733 606 798 965  219 541 512 938  70 898 587 319 595  992 162 635  95 517 185 564 172 892 434  896 727 731 213  41 620 968 557 807 200 389 451 438 369 620
 50 871  13 469 614 271 170 509  49 857 670 651 203 498 546 661 881 122 631  103  850 390  519 457 108 436 563 113 840 281 701 859  121 769  521 298  11  502 687 856   48  74 660 679 562 609    5 961 895 767 239 354 227 223   3 882 955  984 786 871 895 161 602 567 235 167    1 592 398  65 400 314 696 530  97  853 366 132 454 557 103 167 153 929 980   96 945 268  61 645   4 786   7 453  10 879 973  48  21 718
 48 391 345 600 588 413 637  32 580 270 645 485 699 910 988   1 247 428 970  909   88 265   66 406 751 297  86 258 832 398 587 498  932 407  488 884 510  292 625 626  696 428  46 633  58 545  186 460 409 934 823 814  88 537 920 150 298  460 845 718 409 987  43  26 210   8  695 489 287 535 705 798 883 455 491  980 635 469 244 385 584 552 848 377 218  247 365  79 941 740 197 830 384 609 287  51 430  89 973 175
441 941 618  18 771 678 791 473 574 409 912 425 710 348 691 878 861 920 348  502  541 323  719 636  63 156 816 472 662 650 526 995  559 869  275 209  55  877 376 105  278 362 728 490 980 832  468 869  41 362 421 877 515  15 653  11 993  774 413 308 643 943 585 431 691 741  738 495  67 524 959 493 418 349 193  487 528 678  57 187 759 529 317 409 353  216 714 767 680 392 114 550 137  84 505 778 418 935 160 801
158 549 699 112 648 184 540 161 147 959 842 747 863 916 635 389   9 123 393  258  887 457  887 219 569 213 387 752  77 314 534 286  667 392  350 843 334  654 642  80   72 191 562 125  77 617  632 762 818 523 432 624 115 357  32  66 513  399 364  89 385 948 405 683 340 485   11 106 112 200 304 956 131 614 459  583 490 622 932 688 800 463 337 545 632  780 787 660 357 384 441 637 479 677 408 971 865  62 187 905
558 466 140 614 867 555 238 591 629   5 364 772 280 862  86 483 238 384 460  636  152 332  725 966 112 531 718 161 641 124 491 611  182 336  703 605 301  555 683 114  914 191 342 794 469 160  680 751 420 404 342 982 532 554 207 435 113  533 580 522 852 111 487 340 359 684  835   2 778 552 752 628 594 287  93  728 959 423 601 868 932  70 265 466 804 1000 872 936 497 362 689 387 702 447  53 236 414   1 770  62
557 701 606 683 640 902 503 499  98 303  89 278 785   3 739 497 648 158 368  455  609 271  523 952 310 241 295 402 618 816 875 747  111 157  358 603 659  118 962 356    6 592 784 582 915 808  303 933 666 670 133 764 274 985 730 246 501  259 547 540 699 283 906  72 891 972  115 818  75 586 452 542  95 296 178   92 937 757 775 116 866 300 355 767  76  598 917 929 527 497 756 339 736 398 105  13 759 570 414 217
751 826 973 953 678 730 442 829 821 542 310 321 683 897 974 266 193  67 226  131   14 214   15  31 596 509 686  92  36 638 331 880  818 593  873 120 822  882 887 972  433 191 425 504 441  17  486 996 728 182 294 547 106  28 486 836 302  727 334  49 109 920 687 100 196 481  644 475 645 685 624 973 224 941 730  895 333 436 536 180 778 376 760   4 386  954 782 349  57 560 208 815 779 442 742 221 366 468 371 257
 60 110 188 273 649 484 376 876 314  64 540 296 241 514 743 646  65 555 532  857  457 911  162 764 328 691 401 867 542 805  11 292    0 823  168 687 485  638 806 895  191  77 478 833 211 401  472 266 544 676 115 123 368 277 487 947 121  276 379 483 177 294 857 139 854 865  270 925 947 445 150 716 133 499 299  450 701 956 719 999 566 333 444 682 525  832 333 456  31 924 962 798 920 240 493 595 312 137 641 409
742 630 598  30 916 755 882 711 874 750 125 514  98 976 871 862 774 649  81  505  711 851  500 237 540 692 886 734 459 995 466 986  858 248  209 821 579  526 271  24  899 375 718 141 256  88  815 153 163 858 927 948 606 448 136 883 567  947  71 754 587 277 766  71 112 934  474 394 503  55  60 132 451 887 678  887 157 521 288 389 135 418 884 833 656  830 968 621 685 249 310 919 625 700 707 330 643 745 206 471
746 775 623 506 964 628 916 540 443  97 685 301 869 151 504 681 889 914 815  128  407 126  585 410 681 552 660 433  54 907 277 717  707 843  236 159 245  912  47 476  940 496 414 851 471 121  479 809 486 891 822   3 775 254 982 289 607  922 435 158 960 631 679 267 112  11   79 365 343 700 502 403 572 247 118  903 661 108 509 817 968 516 882 256 702  442 259 257 198  10  87 305 656  99 288 962 528  87 100 109
988 706  42 183 774 525  84 238  78 839 374 341 156 572 275 775 387 309 626  843  356 350  473  87 344 128 298 504 452 647 237 357  755 297 1000 869 192  710 980 367  851 937 765 566 906 973  197 631 435 479 307 365  66 395  21 850 350  368 708 432 137 802 292 534 579 546  885  66 592 483 948 132 485 744 214  586 811 771 467 482 258 182 959  77 358  749 309 234 151 690 898 219 759 113 838 604 238  53 546 380
295 628 940   1 807 167 354 529  60 537 850 700 390 560  36 374 962 614 251  227  464  51  470 681 238 508  60 937 435 830 927 179  111 772  256 908 587  793 584 339  979 185 192  98  65 198  559 504 484 463 540 471 559 288 975 382 627  476 710 436 226 499 653 654 845 705  418 964 762 260 913 600 527 426 232  519 464 681 167 800 222 265 249 660 778  325 981 408 238 680 925 137 532 650 417 666 529 986 870  95
420 560 679 884 998  52 322  62 644 572 747 931 326 289 223 199 885 672 766  958  979 722  211  47 178 429 490 489 535 860 524 970  712 199   61 197 828  701 183 420  950 238 447 694 585 558  674 770 248 468 500 546 964 845 328 930  50  302 338 728 233 355 404 488 882 667  742 619 237  62 609 889  86 183 746  497 641 671 557 501  83 478 592 401 512  198 846 224 230  63 401 958 801 151 559 652 702  31 658 935
529 341 884 249 679 216 474 201 806 332  69   3 461 337 637 897 795 759 192  386  606 433  196 924 966 799 968 321 396 473 766 150  422 324  822 759 187  470 233 315  786 180 707 338 688  70   55 627 830  79  30 491 706 680 641 682 369  782  79 785 590 551 235 341 782 550  365 483 572 890 957 702  39 693 491  886 262 485 336 558 724 486 168 706 974   31 536 427 974 595 581 521 998 795 743 324 858 128 269 463
 21 752 737 876 303 742 563 852 602 233 868 682 797 339 362 270 636 583 686  755  840 180   46  85 343 442 388 346  51 555 882 207  919  88  655 810 991  442 903 547  342 267 311 655 231 801  753 388 436 352  78 923 485  32 962  72 486  444 178 922 297  72 221 779 999 146  408 486 785 765 999 120 493 435 229  400 280 422 526 792 880 855 465 659 659    8 649 410 294 204 326 753 728 937 116  22 158 785 736 213
 25 494 922 314 481 685 320 545 617 827 251 708 415 374 133 270 575 677 403  729  175   7  616 361 854 612 566 706   6 290 294 562  937  71  456 909 314  941 225 172  497 525 761 846 590  72  436 441 664 526 249 878 815 333   2 796 252  598 190 883 430 838 167 221 685 983  480 944 309 744 644 897 164 954 430  547 483 598 236 418 850 334 698 883 910  174 635 266 367  40 623 861 898 573 688 149 987 143 426  13
702   9 934 498 372 558 758 105 842 521 140 696 434 160 271 520 993 322 860    0  113 113  760 263 836 670 189 502 961 965  52 791  115 718  762 575 602  998 752 676  599 502 800 293 627 925  284 643 851 128  79 265 615 947  97 426 511  779  86 354 308 302 230 834 322 922   49  70 828 507 850 522 128 944 995  147 264 487 505 132 944 997 462 139 485  564 253 505 420 766 231 445 478 909 236 765  73  57  23 453
213   3 781 576 660 682 332 650 575 603 833 969 248 548 473 714 497 214 555  470  871  39  917 108 281 350 363  16 783 261 698 794  487 449  226  14 867  548 457 931  594 519 535 459 435 854  756 521 574 672 883   9 522  28 729 714 431  858  23 390 102 996 222  85 366 190  791 967 786  88  34  78 254  58 346  595 145 189 781 273 380 458 741  13 958  515 155 557 158 295 707 859 898 420 940 114 859 840 614 446
