100 100
329   0 980 109 726 657 283 485 819 560 337 390 560 699 209  28 487 105 979 656 321 184 137 394 445 326  89 614 711 951 413 601 431  62 326 166 794  412  357 431 973 379 447 229 950 998 569 851 824  831 209 919 432 980 842 772  113 401  46 593  242 481 568 147 506 276 514 669 390 478 798 875  903 966  226  77 575 701 325 293 270 412 632 712 761  66 209  37 608 591 621 844  75 358   2 314 967 838 200 774
 29 456 812 440 265 575 972 449 561 336 783 281 780 278 452  41 129 668 480 704 720 183 835 407 118 508 361 428 491 922 506 168 538 937 491 508 979  280  254 275 307 992 730 641 357 830 928 627 117  427 971 195 413  42 395 755  587 921 715 496  333 727  32 902 166 258 816 562 311 800 501 125  378 869  544 917 108 251 861 644 921 445 973 525 248 504 179 101 939 824 505 903 833 901 110 306 986 769  33 392
973 447 813 110 971 964 487 100 112 566 100  76 971 870  59 171 728 692 226 796   3  67 799 191 566 248 503 280 523 391 288 772 662  40 259  16 713   33   17 456 893 946 589  14 991 592 126  71 547  918 294  41 425 463  13 662  658 220 491 870  853 215 667 718  43 284 582 724 162 743 378 227  130  24  284 588 826 946 202 516 522 875  17 603 519 937 684 834 685 548 816 934 226 188 967 771 793 706 747 436
110 142 672 235 617 122 185 692 873 533 682 418 489 404 328 642 219 690 669 396 758 824 272 886 983  77 743 931 765 440 574  35 131 324 539 494 448  453  887 948 966 131 110 799 435 312 601 911 970  261 423 138 955  55 353 628  602 668 205 260  555 589 893 928 927  72 687 590 889 305 790 622  901  64  247 562  17 448  42 265 781   6 795 831 243 208 501 665 125 784 268 545 105 411 270 418 233 294 380 811
168  52 335 707 876 756 544 996 591  33 774 420 943 686 587 819 677  50 550 527 999 118  57  28  27 782  25 363 922 499 114 254 370 557 828 700 372  566   38 405 972 559 806 250 207 306 976 750 782  208  48  36 312 509 479 743  178 475 946 729  255 323 900 558  95 599 389 227 791 762 272 777  983 382  837 529 955 921 128  60 418 431 428 394 680 623 456 957 743 230 144 308 782 775 697 793  30 150  19  97
647 160 470 932 650 422 166 666 641 856 431 499  67  98  84 616 735 570 634 775 921 423 684 672 476  35 427 962 129 155  58 149 468 190 392 379 328  664  830 638   8 435 618 614 298 692 634 468 229  967 681 612 252 565  75 775  738 765 297 371  838 736 845 236 687 326  29 439 341  53 502 908  912 672  676 384 485 358 758 727 622 931 559 399 409 412 780 195 189 184  17 289  17 901 631 527 378 715 119 333
133 604 572 856 895 839 761 552 498 767 374 439 694 239  60 596 335 387  87 221 850 176 179 300 417 818 723 663 245 121 283  74 980 171 632 209 560  482  707 837 535 889 352 596 385 396 712 753   1   95 379 596 215 975 195 588  573 525 775 422  730 411 576 812 590  41  90 189 663 686 976 457  496 226  472   3 331 452 284 993 932 166 200 853 789 966 221  66 649 590 412 937 378 425 196 410 534 595  73 224
431 895  19   4 170 556 955 987 465 327 691 836 369 707 729 356  87 804 684 718 139 439 776 823 966 415 211 247 172 535 408 537 372 688 462 893 271  705  731 256 334 472 889 245 293 584 251 797 634  475 887  85 930 730 331  79  660 615 619 141  413 587 785 976 824  85 748 119  93  58 116 546  220 418  182  28 979 836 961  20 924 345 316 302 865 419 823 854 449 803 347 549 444 941 429 427 788 711 148 288
980 208 228 338  88 293  85 124 528 755 154 119 461 106 745  44 639 457  29  90 136 721  24 525 589 100 109 436  34 346 657 958 189 100 345 338  39  290  759 300 977 376 916 248 110  31 712 475  33  124 893 657  16 156 808 766   49 117 606 869  879 560 907 298 883 580 994 537 630 312 140 561  787 362  635 459 741 576 321 504  37 842 132 940 931 330 813  79 959 545 411 413 351 349 594 715 165 246 296 830
712 301 375 655 184 494 635 714 594 114 291 909  37 424  34 194 674 964 632 333 765 706 449 700 623 473  29 592 980 315 269 425  68 576 563 856 395  820   77 519 349 968 673 939 164 555 329 784 448  682 787 902 518 800 115 154  968  65 121 500  731 807  20 972 298  12 883 576 155 430 902 428  674 262  400 833 400  87 482  49 933  52 624 486 636 326 406  58 563 451 723 994 956 386 516 745 117 881 254 618
400 852 364 650 887 962 764 113 113  66 192 477 810 976 346 890  21 477 234  40 511 121  95 928 349 739  54 771 520 446 575 896 324  32 497 280 514  255  247 946 957 326 135 395 243 442 578 391 128  830 844  58 909 820 611 142  859 995 341 157  170 776 432 286 246 484 578 792 343 146 427 848  268 297  386 321 263 520  89 267 712 106 382 848 231 147 920 289 134  63  57 994 726 939 144 430 861 686  18 544
  6 477 375 473 428  50   1  77 304 813 722 252 654 293 916 619 358 573 223 446 793 676 935 449 213  46 580 838 715 384 959 830 212 603 375 113 652  947  500 160 634 826 180  41 329 295  16 957 428  705 587 195 879  58 709 456   26 738 813  82  461   6 828 400 177 602 810 341 104 190 622  31  713 539  139 933  30 603 742 202 372 646 676 274 214 667  85 355 157 202 331 998 957  24 611 616 662 699  87 360
108 470 648   9 733 382 179 957 536 645 900 381 543 980 666 668 754 922 181 230   7 769 939 126  10 564 695 286 525 701 498 653  36 716  40 490 734  292  550 154 713 383 695 924  29 691 229 233 955  938 268 570  97 557 843 478  330 251 483  88 1000 940 959  42  13 262  93 696 828 113 860 235  251 505  398 867 978  14 813 844 996 501 552 140 332 505 523 216 414 125 903 357 763 884 229 262 203 569 208 539
372  74  85  46  58 299  15 142 467 803 979 504 339 408 110 754 299 820 296  48 518 907 890  77  92  18 601 207 631 106 513  93 168 760 403 990 845  453 1000 719 140 970 570 719 339 535 668 583 152  255  78 949 829 312 616 997  664 385 196  92   35   6 545 543 308 626 479 741 216 296 362 170  498 219  182 604 844 201 953 845 945 554   7 259 723 751 797 425 881 988 467 328 397 833 600 916 617 231  88 989
882 492 636 489  32 295 632  80 923 838 470 154 402  52 782 370 136 743 249 820 776  11 257 930 332 102 592  37 749 958 148  34  68 725 601 128  35  847  890  94 838  54 402 572 780 268 233 105 159  738 489 570 255 880 386 621  711 289 512 223  881 663 464  83  61 807 151 415 813  40 841 273  117  72  714 303 923 135 272 711 622 511 382 723 935 797 408 473 223 541 430  22 785 209 902 292 392 460 717 406
479 915 649 992 248 860 833 214 833 949 472 684 498 248  11 814 410 228 655 290 474 607 923 178 740 722 351 802 520  79 184 621 524  64 758 814 726  453  115 574 788 522  44 118 540  78 663 551 313  195 695 441 839 963 918 719  807 267 964 535  174 504  66 981  26 217 697 274 296 691 351 727  279 237  957 728 653 427 224 537  27  29 744 203 176 147  25 220  60 411 169 174 633 613 220 651 203 875 984 231
466  56 300 228 556 392  12 461 515 278 222 870 385 398 270 223 705 785  24 603 126 239 935 908 581 279  98 245 387 463 398 299 219 931 635 857 982  793  249 331 857 815 829  43 428 591 601 320 133  795 611 202 153 862 984 146  259 224 837 566  926 795 773 530  38 974 100 155  76 178 957 475  950 369  216 412 612 685  91 814 427 618 516 386 406  76 845 787 627 416 965 579 157 492  35 489 602 928 538 449
 26 929 856  10 531 829 630 381 933 436 250 428 243 484 360 536 108 434 433 339 451 478 584 892  65 276 934 191 505 492 147 200  94 435 215 401  69  589  673  47 751 500  46 429 829 944 978 431  51  584 960  43 690 211  46 287  802 846 490 971  842 287 822 954 324 970 391 500 844 890 176 377  907 564  958 472  18 755 883 899 402 254 331 487 621  34 970 335 806 666 801 943 121 982 671 165 876 764 384 681
514 310 591 337 719 142 487 170 330 194 854 955 935 628 808 458 837 808 938 941 218 211 297  75 252 238 171 619 179 903 206 101 993 620 505 419 970  742  885 898 306 785  48 299 711 883 385 855 784  658  34   3 126  21 207  99  520 303 873 973  204  27  22 601  99 227 354 703 685 501   4 668  382 873  285 357 859  68 853 927 745 590 865 705 778 781 827 602 157 867  77 171 473 929 800 170 724 554  85 739
655   6 625  24 972  40 100  83 195 712 301 878 527 966 201 828 898 500 707 893 790 635 821 355 753 764 739 222 593 540 664 723 779 840 693 340 591  677  850 737  30 342 563 325 598 644 410 311 376  780 105 354 470 782 877 565  253 617 760 949  811 914 582 382 754 237 170 503   8 243 522 127  257   9  759 832  49 292 821 154 752  70 807 651 958 373  83 219 594 214 223  39 735 793 961 614 455 853 156 304
312 635 293 786 779 968 629 247 795 630 235 265 682 422 711 906 428 446 651 134 780 745 312 593  44 926  68 555 212 829  94  48 741  65 554 638 585  266  791 179 196 872 118 696 828 725 310 419 818  868 459  16 707 785 287 173  429 799   3 529  358  82 670 351 332 676 136 846 100 919  34 137  951 939   47 969 120 794 292 333 386  67 541 327 849 239 459 437 156 954 227 445 242 249 652 297  70 925 497 769
860   7 290 816 508  96  28  66 547 570 250 395 617 865 481 207 171 239 237 378 627 601 763 561 622 176 710 687 514 745 196 290 370  31 968 707 527  823   28 920 460 818 502 914 945 232 979 184 252  457 929 421 259 958 521 576  541 295 960 355  875 689 772 549 980 971 510 332 521 205  39 190  506 498  552 215 713 426 483 225 623  97 644  11 983 758 922 183  52 479 955 276 938  88 972 472 732 553  17  57
418 821  24 836 750  12 607 412 413 194 629 168 460 490 240 250 246 207 811 517 237 397 618   3 695 388 819 808 426 872 602 238 759 306 165 725 899  849  229  74  56 474 255 427 781 736 400  16 666  951 234 746 534  36 171 149  152 626 846 887  248 538 831 614 781 434 130 972 366 714 873  52  570 516  620 198  17 139 904 698 188 978 791 635 486 631 329 379 255 843 677 734 681 272 488 706 841 955 889 659
529 302 667  37  71 125 812 611 438 454 292 497  70 349 994 741 163 211 311 784  33  76 530 928 118 131 914 793 729 916 763 702 902 667 832 485 122  777   84  11 726 380 124 296  82 464  95 184 734  202 959  34 197 314 625 322  253 887 809 291  697 390 224   4 730 435  60 932 887 612 313 404  234 293  504 355 556 210 971 460 914 437 709 373 394 221 554 874 691 858 985 933 615 799 764 587 333 783 850 913
293 873 928 350  35 283  76 609 203 388 661 446 819 857 120  57 752 828  93 331 124 808 210 806 723 707 726 196 127 565 157 303 163 536 585 323 430   61  834 615 828 627 365 997 784 150 484 271 550   47 250 312 230 247 219 376  167 552 182 521  466 275 153  28 858  53 862 408 651 710 596 397  480 453  443 767 496  96  60 545 563 917 940 979 133 822 247 740 845 717 864 356 663 132 694 565 120  38 829 836
833 282 624 558 476  92 202 202 694 686 664 780 503 699 579 977  22 767 274 993  79 632  45 564 381 751 955 715 723 615 769 748 990  73 774 908 730   30  939 312 355 718 298 365 495 497 860 435 626    5 105 912 228 784 342 714  154 610 696 693  472 970 353 277 689 171 330 221 361 878 553 635  917 323  791  52 482 584 223 829 835 398 391 576  42   4 132 528 817 315 994 152 577 605 443 467 654 373 202 941
961 740 924 631 493  58 500 725 941 899 212 406 621 838 944 257 586 106 277 429 831 525 165 130   9 926 802 362 816 959 921 813 765 633  36 774 117  811  869 241 198 768 226 349 590 531 591 761 699  572   7 822 412 177 736  40  335 962  63 167  374 576 900 957 275 298 953 561 948 173 192 914  778 270  838 799 782 734 172 289 700 973 325 418 274   9 261 650 586 293 855  81  23 287 354 516 230 490 125 708
256 850 838 327 755 929 510 197 777  39 236 929 567 403 269 348 814 186 525 280 624 176 966 781 532 610 195 541 925 797 329 204 674 407 219 330 978  574  104  72 172 618 561 209 357  81 202 460 375  703 212 586 603  22 676 494  235 233 398 789  211 294 250 771 601 285  99 154  37 248 888 987  709 814  864 252 283 396 148 960 959 131 533 886 110 619  65 691 974 306  38 924 538 665 149 308 827 157 698 624
429 346 433 807 951 650 486 582 780 142 354 357 596 979 249 261 326 156 770 356 556 307 115 913 667 327  98 811 413 843 412 735 154 263 947 578  90  896  992 461  64 453 706 357 894 743 889 626 711  349 408 819 442 461 611 307  924 516 866 482   78 839 633 771  52 186 465   6 676 838   5 393  710 180   78 792 242 298 820 977 307 994 776  10 443 776 111 400 984 856 800 384 125 766 638 531 219 506 861 887
933  17 835 489 218 996 368 332  62 279 267 231 202 507 623 333 406 842 907 243 126 187 417  85 510 243 519 760 376 961 259 804 777 933 608 197 285  249  463 352 194 102 385 746 585 659  80 445 607  653 193 824 943   7 788  73  911  48  35   5  633 432 175 629 589 295 530 337 851 636 802 800  382 541  806 272 731 647 729 259 676 116 995 194 564 612 440 783 917 196  74 753 624 913 781 814  47 847  47  84
872 963 992  45 882 560 432 543 102 988 612 927  78 328 285 949   1 114  70 729 980  32 409 709 319 852 508 678 138 731 104 440 455 944 629 571  79  706  625 971 124 373 776 264 731 576 996 204 442  396 772 113 818 684 726 107  975 191 285 762  203 958 801 695 163 255 525 622 984 771 168 676  409 391   76 973 366 748 457 798 962 821  56 419 638 529 446 965 152 165 924 631 164 351 738 155 689 408  29 556
713 297  45 538  24 114 679 256 956 472 815 962 462 900 263 763 220  32 102 321 795 238 714 394 106 109 721 173 672 758 943 953 407 529 444 245  78  738  559 189 734 825 849 590 142 787 276 856 792  856 170 229 804 677  61 729  397 665 578  41  288 260 213 744 715 235 787 668 458 785 246 440  849 879  298 761 188 907 805 552 952 962 944 664 309 367 308 862 797  91 685 714  60 200 869 884 238  28 480 937
346  31  54 199 622  69 143 400 631 839 326 409 339 184 815 528 832 381 662 308  70 132 124 317 977 971 834 863 876 204 831 325 348 688 265 956 291  385  860 491 915 154 811 452  23 472 200 671  22  110 147 574  54 421 106  60   11 321  92 604  210 940 963 854  45 475 625 830 444 615 767 189  390 736  716 809 316  65 324 409 420 384 624 703 349 108 342 530 528 774 399 607 955 243 590 726 108 449 613 484
945 589 679 351 221 823 867 416  17 914 852  18 700 710 785  18 513 975  57 159 304 656 560 516 573 282 393 826 838 398 430 677 527 390 248 196 138  984  465 866 309  44 207 416 819 189 112 964 889  249 481 559 654 321 644 399   42 944 901 467  405 711 154 125 643 128 453 448 766 125 403  89  217  84  593 141 268 483 237  32 795 974 377 854 195 153 786 965  50 627 206 516 587 700 930 672 831 355 625 448
985 658 243 227 152 919 339 558 824 131 575 783 789 246 664  20  45 466 438 913 737 726 900 952 523 886 610 398 543 983 152 786  14 322 462 710   1  577  274 781 817 603 169 242 752 544 993 950 842  131 884 849  84 222 109 946  317 815 849 625  956  38 390 677  99 197 773 599 577 972 346 473  138 418  113 373 357 677 151 939 503 813 305  47 929 683 238 539 419 810 686 978 625 593 506 378 271 746  86  80
 35 595 589  30 399 648 634 407 769 620 650 349 298 702 366 100 698 866 494 319 675 978 640 949 377 116 574 586 351 252 862 796  22 744 119 772 437  997  597 532 907 963 263 294 461 712 380 579 789   97 163 858 281 931 359 781  428 666 351 439   34 359 963 899 292 908 934  29 735  67 641 488  667 464  152 715 374 318 213 366 631 458 908 245  24 815 840 320 923  56 349 867 490 226 945 272  75 899  62 173
100 787 527 961 360 216 724 907 925 389 824 365 839 684 546 387  61 428 861 362 531 674 887 674  90 548 179 357 236 101 458 360 101 462 505 885 501  761  738 835 165 294 774 619 364 161  63   0 165   55 826 754 625 351 208 889  685 268 552 993    2 638 114 200 872 636 954 862 663 271 444 159  946 431   57  32 128 690 678 983 886 360 120 189 551 514 663 159 231   1 996 994 442 455 443 821 161 768 639 620
355 317 366 628 160 510 917 710 571 631 830 477 461 304 872 758 599 128 890 498 854 417 574 580 345 266 298 565 786  65 572 808 342 388 887 246 709  632  738  75 573 420 632 136 949 924 495 777 498  392  34 657 881 911 581 637  775  20  44 513  533 682 558  95 498 178 888 857 253 841 193 534  791 623  166 862 619 270 856 542 851 184 768 678 170 406 446 308 763 282 783 146 937 747 459 211 812 895  98 468
111 206 547 829 696 476 248 883 326 784 692 570 591 224 969 565 974  68 640  75 856 993 950 722 930 834 399 777 160 256  65 741 609 471 269  83  67  610  911 453 557  99 156 555 867 688 200 861 556  722 724 365  22 892 256 521  917 681 978 425  661 671 136  15 630  42 510 808 441 527  59 853  599 660  930 213 190 611 566 664 519 565  70 382 755 622 308 944 293 764 288 847 410 751  85 606 378 794 124 493
112 341 789 723 357 564 322 345 772 866  60 363 591 242 789   7 239 603 882 587  61 355 194 463 682  11 516 838 264 681 529 781 956 359 499  19 559  982  107 449  21 851 462 111 619 671 980 468 906  642 872 336 330 372 489  59  901  52 768 754  358 332 276 222 320 571 964 280 794 955 891 855   51 646  308 652 217 246 731 698 566 125 845 828 392 939 686  89 821   9 478 813 870 743 883 508 975 377 902 703
512 103 780 634 119 248 163 454 379 742 138 894 396 634 498 175 986 568  25  94 825 603 296  10 878 999 566 908  85 271 807 766 462 970 642 204 976  433  278 546 494 717 299 632 306 568 916 537 540  143 522 199 951  65 736 142  868 287 210 521  925   6 397 621 910  63 492  22 955  84 342 724   93 186  193 990 495 780 763 502 539 387 259 330 828 488 347  19 407  20  46 380 422 425 621 149 258 768 999 793
235 428 478 519 440 387 123 251 782 320 679 418 839 921 784 438 587 144 235 775  76 184 883 434  85 790 870 486 773  17 878 183 337  94 744 310 629  821  271 893 175 633 539  61 586 939 503 386  15  118 179 133 430 398 653 585   72 265 774 789  595 641 997 363 778 242 997 509 978 207 348 457  400 511   75 271 662 867 853 302 758 694 248 510 266 581 831 414 124 695 805 234 271 954 414 428 307 291 493  38
320 458 822 128 296 811 107 786 537 461 658 942 174 662 231  39 496 814 788 466  65 160 119 509  92  88 331 847 274 249 229 608  33 562 756  85 309  247  319 661 716 734 551 848 420  35 967 663 150   22  78 697  49 207 319 114  784 927 999 830  279  64 836 618 443 272 535  66 514  80  15 977  495 864  261 707 280 214 598 788 319 679 447 191 520  92 609 367 874 130 960 463 469 585 712  36 853 784 642 187
347 368  29 980 413 379 320 938  52 583 315 156 226 474 237 668 317 249 166 297 896 989  93 273 460 829 467 358  54 270 137 898 149 891 853   2 875  560  569 477 645 509 184 904 245 935 216 925 171  506 538 168   0 719 771 970  689  63 825   8  927 747 957 341 201 120 210 412 855 634 751 989  296 502  220 218 915 412 236 125 254 519 299 127 441 334 761 457 756 176 523 905 238 406 287 983 458 787 236  91
406 725 626 958 543 646 227 875 350  62   4 595 887  21 997  28  90 442 322 249 266 664  10 817 582 316 775 687 811 660 616 376 384 723 545 873 713  530  903 204 503 160 232 966 241 488 123 602 253  854  33 593 306 241  46 811  749 234 378 999  799 998 964 143  18 376 340 148 488 924 591 991  132 457  129 278 889 897 462   5 502 482 460 844 426 211 886 688 209 490 623 532 459 872 801 716 320 634 499 696
929 153 545 871 357 240 653 465 671 158 817 724 779 341 103 956 320 199 371 673 593 847 329 382 896 929  55 417 886  66 118 964 469  56  47 923  96  807   26 229 683 431 380 342 921 546 470  59 482  308 844 442  82 960 838 601 1000  68 441 151  859 115 384 884 794  37 329 187 330 604 650 313  602 400  185 598 325 992 256 399 355 489 748  79 875 580 464 496 100 135  47 263 516 729 427 658 714 809 740 812
 39 754 542 163 500 954 129 520 224 315 742 282 175 346 835 507 889 872  27  59 704 617 601 933 763 690 594 424 236  66  80  23  53 297 789  51 807  387    5 924 786 116 789 521 572 328 136 897 966   83 130 221 532 961 903 548  258 473 783 657  133 323 288 235 479 459 734 171 427 265 545 235  170 885  118 770 447 524 360 424 462 779 390  51 261 591 761 655  63 945 924 786 289 764 254 443  69 542 664 853
414  86 216 737 740 324 436 802 446 839 820 268 970  93 848 823 490 634  57  48  33 575 221 774 374 445 933 120 731 596 415 907 211 866 707  32 970  728  539 770 478 348 790 737 166 344 941 269  30  926 754 861 416 994 806   9  165 173 315 537  318 895 933 917 929 328 426 188 614 793 424 828    1 524 1000 695 904 731 655 585 210 942 490 597 608 408 317 171 138  81 789 138 124 666 922 957 169 694 219 926
669 100 410 468 451 873 229 446 942 973 666 624 600 525 506 224 724 910 398 933 244 742 471 531  34 644 997 124 642 532 191  69 460 500 961 831 815  657  223 145 169 191 938 338 929 479 725  81 903   75 754 337 106  27 560 205  250 213 383 430  875   6 867 204 426 944 352 927 376 163 273 730  849  93  194 938 653 160 677 944 438 336 387 630 737 449 134  87 685 599 321 631 375 395 908  13 789  57 364 804
310 844 656 956 576 373 648 653 238  50 772 966 250 755 464 261 404 224  26 932 194 778 592 893 750 887 774  87 272 470 542 858 132 533 352 544 952  634  998 213 834 372 502 126 882 176 244 750 707  142 140 828  99 191 901 981  996 556 521 387  715 568 729   9 220 837 962 574 945 649 617 358   56 173  902 899 171 260 345 883 207 445 212  81 107 313 850 639 982 662 457 560  50 339 654 307 637 749 456 474
 65 137 842 345 633 657 945 136  74 417 825 840 273 129 198 243 192 220  47 251 130 327 695 215 670 943 492 240 246 815 526 534 735 707  63 971 687  702  842 470 235 759  61 523 638 443 625 685 361  822  52 701 110 734 865 948   88 531  70 327  554 333 238 819  83 189 502  47 844 115 188 119   80 921  994 760 317 733 873 990  45 690 575 568 347 543 673 624 231 908 768 521 549 383 173 689 933 799 819 703
201  16 406 781 475  39 271 787  90 492 600 774 699 370 157 787 800 972 218 867 944 258  82 854 617  24 249 588 384 823 654 945 514 852 353 224 825  260  624 141 522 824 629 526 307 431 639 465 109  690 373 192 280 624 866 928  960 554  69 649  714 132 911 900 710 877  26 808 493 116 421  42  250 673   91 288 246 344 393 708 366 634 750   8 980 809 813 685 880 423 451 641 632 511 780 717  89 490 232 122
642 920  75 139 262 681 776 625 501 572 794  38 768 704 359 353 840 643 706 206 320 899  27 799 377 732 153 700  52 555  75 101  82 882 901 580 597   62  328 946 966  21 843  66  56  85 968 646 808  624 442  28 767 821 480 521  145 348  86 245  293 752 423 853 670  96 448 155 988  15 258 659  147 262  717 200 376 172 737 148 957 643 886 618 313  19 917 962 961 569 264 778 121 189  35 995 975 521 880   5
547 733  32 118 111 936 873 480 291 209 692 791 725 314 439  64 321 692 709 929 417 706 407 975 339 291 139 588 676 643 824 274 755 453 533 102 474  925  299 935 285  86 697 513 951 684 383 967 600  526 460 474 559 418 220 808   80  63 458  60  106 796 205 298  10 330 173 539 493 107 861 536  612 520  924 781 707 326 814 456 503 692 273 309  85 528 981  95  45 782 879 912 479 322 979 276 902 314 234 685
960 319 271 613 120 671 856 673 451 250 607 470 350 324 777 564 564 656 900 345 256 923 371 423 735 555 621 948 473 833 372 380 271 222 197 386 904  467  608  87 873 853 152 544 373 361 843 698 145  884 307   6 339 316 782 784   74 633  30 880  500 813 910 545 579 738 802 281 252 859 390 252  224 480  785  60 479 246 154 157 989 927 716 141 162 859 374 750 442 337   6 708 234  75 283 711 551 910 922 726
618 940 453  95  42 881 331 242 767 757 331 246 559 826 300  19  73 996 948 789  83 124 875 331 216 485 290 322 400 276 287 546 215 995 948 505 539  749  890 977 705  24 227 761 338 531 349 329 391  275 656 342 204   0 420 833  187 379 985 884  946 914 497 866 732 170  56 577 233 904 781  31  775 407  906 816 355 193 620 242 393 262 263 993 746 510 344 211 201 940 597 886 311 702 445 803 323 571 888 161
145 983 325 210 218   3 287 965 178 362 591  80 430 533 999 952 359 193 393 258 761 514  63 178 947 120 770  15 305 109 705 516 942  22 766 523 803  966  868 713 549  36   2 894  99 283 413 264 324  394 342  92 280 576 911 638  746 759 816 174  646 541 353 741 572 188 521 208  43 520 757 485  959 927  902 279 201 428 932 175 131 655 389 161 990 903 106 812 701 475 314 376 773 333 697 172 296 167 982 749
575 887 399 537 282 443 304  71 182 367 225 288 760 272 634 125 355 467 275 479 468 824 289 190 769 972  74 856 842 158 752 559 668 476 807 778 698  804  494 348 271 769 964 734 335   0 171 332 903  272 624 933 337 776 710   8  956 196 790 145  871 381 806 116 444 525 383  77 578 229 172 938  719 736    5 777 544 442 771 310 167 837 279 669 727 631 751 597 494 661 912 562 106 488  11 152 929 641 865 559
711 754 122 833 517 191 228 582 651 333 279 475 256 676 694 572 500  75 227 465 194 456 642 929  65 990 349 488  50 625  82 289 178 290 110 877 766  344  438 371 878 461 617 837 472 424 754 737 713  845 681 985 280 632 292 955  915 891 756 127  453 191  38 430 999 819 844 686 917  46 260 196   97 271  627 726  70 572 471 388 124 718 534 133 340 342 555 385 909 146 389 601 187 621 734 829 290 262 796 636
124 748  44  50 753 882 430 519  40  17 481 467 357 114   1 530 458 583 373 683 432 934 882 341  46 511 156  13 972 889 265 942 805 327  17 518 225  421  617 242 664 752 877 974 864 147 107 999 282  802 694 728 576 203 401 883  352 443 780  39  473 936 157 799 678 984 962 780 585 578 236 927  270 488  234 966  70 183 590 694 178 170 466 500 239 114 547  63 667 381 318 840  16 450 583 552  67 566  34 536
557 585 236 962 952 683 622 242 808 453 570  89  12 651 133 312 299 345 202   2 454  22  50 303  50 869 933 456 579  65 808 160 127 697 913 913 805  517   32 405 901 541 326 475 831 782 158 895 987  834 893 330  44 793 565 537  173 938 113  37  103 910 768  47 333 880 707  67 986 442 505 482  558 738  391 933 497  67 567 281 495 619 470 137 520 458 170 168 256 347 787 255 340 952 568 216 879 737  26 639
334 960 593 376 664 461 543 624 342 862 108 326 190 434 782 899 103 866 329 296 898 180 478 188 709 690 386 938 208 374 637 633 420 522 368  53 334  245  761  26 851 957 197 575 183 286 338 374  16  329 814 317  72 542 699 878  120 983 121 865  191 390 245 967 191 800 465 507 611 762 775 502  357  86  957 288 560 695 760 233 484 536 692 253 154 653 199 206 618 937 503  16 140 448 841 818 878 699 321 664
894 211 657 834 973 850 208 338 678 792 566 372 681  18  72 956 543 363 255 507 615  63 379 630 163 259 676 449 831 866 510 109 341 192 192 857 506  642  101  77 675 342 432 812 619 690 217 531 310  843 637 353 594  25 752 752  172 458 210  78  778 298 442 469 816 803  61 529 198 402 297 351  474 512  480 287 817 455 724 264 151 791  11 353 375 644 189 299 961 814 835 922 160  71 615 922 891 240  19 779
566 117 971 809 554 958 148 432 669 161 765 816 792 859 907 464 512 371   7 928 424 180 329 698 136  53 221 541 739 891 114 146 876 510 936 672 435  300  597 543 376 652 971 970 409  65 203 304 297  708 195 329 958 751 220 977  728 782 180 104  701 438 200 869 454 958 636 600 345 755 529  24  760 187  969 676 404 122 277 861 363 199 451  71  51  66 920 126 582 851 391 476 196 138 935 129 107 613 834 751
 23 151 491 409 766 317 526 438 655 376  96  45 106 951 929 343 900 276 531 557 418 272 387 269 411 471 528 794 998 107 780 279 361 722 961 736   1  201  989 660 914  10 560  76 773 705 735  44 665  524 539 394 871  49 138 656   84 395 166  87  579 317 761  99 642 990 581  42 487 347 263 600  645 148  494 232 697 983 480 526 301 351 367 491  97 441 621 911 614  75 680 630 175 529 876 908 107 758 779 328
836 985 751 556 556 930 775 179 757 424 220 668 422 542 488 471  38   2 456 387  27 952 157 904 214  37 572 194 607  90 499 795 137 768 237 406 553  640  447 662 690 109 928 169 265 811 656 627 468  223 500 757 274 718 667  93  541 597 181 446  405 358 727 807  90 563  93  27 290 544 235 385  632 477  423 877 649 578 860  48 361 138 652 953 287 286 923 409 297 321 945 423 904 811 624 227 567 485 808 532
371 822 698 363 498 108   8 222 668 653 961 801 227 744  22 675 925 806 279 763  78 936 461 655 313 846 274  44 922  38  38  45 690 947 284 684 910   97  707 433 208 212 208 831 731 830 983 124  57  888 362 422 648  92 623 494  750 589 421 686  577 348 224 887 259 916 324 453 787 234 345 242   26 685   12 739  14 655 584 197 759 893 804 373  66 536  98 686  17   3 584  27 253 451 523 437 724 751 542 466
413  30 476 328 138  43 494  11 870 788 387 560 182 158 943 986 236  54 290   2 752 590 848 737  45 910 878 129 648 371 349 802 742 121 274 109 856  314  972 777 797 339 860 665 185 731 779  61 354  572 711 680 385 837 959 607  478 743 631 187  192 251 968  98 876 288 791 712 866 321 344 826   58 729  749 594   8 212 474 890 955 681 968  43 466  97 503 145 474  71 577   1 849 618 537   1 108 734 305 878
404 105 627 886 238 998 406 401 139 224 125 655 237 500  26 612 774 170 215 526 395 538 321 592 418 636 227 803 466 417 268 230  51 681 361 840 711  682   56 374 459 576 145 654 453 848 614 832  44  403 478 163 765 641  12 904  166 549 849 400  129 321  52 976 190 715 421 852 437 130 677 545  942  26  850 208  56 551 396 121 231 530 278 555 761 505 352  16 777 388 576 132  84 578 139 472 191 250 815 808
387 692 404  33 856 608 562 936 495 565 336 119 732 540 408  24 682 526  71  40 851   6 807 765  82 872  60 900  28 453 523 924 361 698  70 175 269  655  700 460 359 682 679 874 558 156 957 189 808  217 977 888 415 267 925 125   28 790 746 420    4 937 423 150 565 408 635 961 868 839 669 114  443 690  609 866 878 926 879  77 531 280 716 647 587 553 328 638 121 781 340 296 373 287 699 479 472 834 911 417
722 311 155 518  88 806 396 642  74 605 404 935 214 791 441 492 439 329 126 493 405 575 792 882 455 452 577 353  73 536 170 672 497 909 575 455   7  173  356 909 869 455 442 118 149 582 984 352 568  410 311 806 807 870 245 770  436 365 533 697  364 799 164 604 146 882 460  86 440 742 643 136  561 366  696 605 103 854 756 392  54 220 322 257  74 149 320  64 956 309 189 961 648  48 127 964 442  51 722 584
616 458 433 379 441 951  43 658 478 952 850 682 139 830 585 492  92 127  95 678 588 598 908 304 756 916  31 242 969 342 171 110 153 170 203 313 984 1000  931 526 116 357 449 507 988 431 871 750 257  937 690 702 728 409 396 301  811 736 340 677  220 694 425 178 443  95 221 565 377 512 513   3  957 215  641 362 367 855 382 915 611 457 533 968 196 833 850 714 163 754 788 819 735 309 762  85 818 562 547 713
633   1 399 749 745 849 277 116 841 782 245 138 704 270 981 566 475 550 490 148 377 824 395 922 845 701 350 580 785 214 206 559 872 992 397 285 477  448  274  88 657 335 296   0  15 442 328 592 277  263 517 770  59 107 490  60  987 206 616 224  374 112 608 937 401 220 560 528 307 486 458 971  644 420  660 623 829 483 366  18 699 671  44 380 949 752 605 937 676 647 415 640 307 249 387 993 639 939 591 277
499 428  99 199 984   1 378 874 757 481 178 801 342 636 528  43 719 669 163 670 882 400 767 524 351 221 562 526 373 331 278 142 247 860 253 262 753  787   63 946 225 848 385  41 773 328 173 680 273  342 379 935 168 460 957 516  851  46 583 147  667 716 903  56 146  13 594 239 917 564 573 733   47 456  534 308 680  50 992 711 203 447  99 455 110 344 356 298  11 326 520 415 805 683 434 404 830 747 273 335
125 950 452 835 745 935 182 258  15 140 363 300 894 340   1 998 922 125 378 767 201 818 815 576 430  47 941 504 707 380 490 642  47 313 615 645 905  326  703 199  53 910  43 603 613 820 594 770 252  409 871 907 165 747 863   2  525 162 134 353  972 483 324 161 264 142 657 468 355 916 909 147  322 789  122 619 926 997 555 983 188 404 444 281  91 891 631  85 802 364  95 348 610 787 881 218  88 869 416 560
968  37  61 477 459 154 420 501 770 553 203 156 869 238 609 844  29 705  93 632 382 660 714 653 904 624 985 539 994 581 167 950 478 210  24 157 684  973  481 512 616 197 146  55 811 149 448 410  16  987 674 575 419 361 348 485  819 473 865 218  139 466 509 983 289 143 133 130 102  70 456 785  764  36  815  20 727 513 752 458 846 348 581  78 672 610 256 330 454 515  80 574 783 920 373 636 257 276 921 632
 79  83 311 160 981 962 430 639 981 944 541 285 842 446 325 608 559 895 476 782 807 475 889 675 489 495 560 765 437  47 891  89 415 135  15 447 250  578  455 564 231 798 716 263 333  77 593 572 623  606 606 998 806 838 574 996  448 535 381 765  775 901 444 712 766  11 769 582 248 409 988 578  230 866   34 565 305 944  78 850 607 508  57 829 967 316 408 110 418 747 217 530 492 670 895 902 490 584 153 878
518 610 711 638 901 765 962 449  88 144 383  70 184 473 404 574 286 440 406 932 737 932 270 874  27 424 184  81  24 995 816 103 466 163 237 737 260  283  303 307 775 122 818 815  54 271 742 646  47  619 600 905 213 370 271 339  300 803 613 501  513 258 245  37  30 242 806 882 619 220 176 636  592 981  416 152 354 569  62 775 657 886 848 389 765 449 104 442  30  12 997 466 747 169 724 749 929 579 793 758
657  23  80 860 997 770 926 505 549 633 193   4 471 733 774 219 735 418 584 451 913 709 194 754  37 524 354  15 598 432  77 764 959 419 695 407 615  575  263 664 436  53 707 653 343  30 669 291 523   62 817 677 842 151 791 940  174 330 981 437  715  77 464 237 463 388 165 439 962 807 826 480  263 974  978 403 511 585 923 640 920 693 742 239  48 589 446 928 941 554 578 363 517 462 750 218 235  28 886 685
265 711 310 356 820 392 365 278  27 260 409 712 995 422 837  85 679 957 906 508 900 812 719 494 814  36 377 770 279 654 986 569 249 579 307 925 800  786    8 109 387 702 774 861 871 193 766 244 449  683 321 498 163 387 202 619   47  71 195 543  537 248 925 112 185 297 854 780 704 956 876 786  123 833  757  95 922 578 308 309  31 812 826  29 164 500 351 351 976 161 399 719 373 466 984 564 482 560 340 605
405 402 578 537 331 132 167 957 757 408 750 675 152 842 473 304 810 744 238 189 675 159 149 980 888 410 506 489 327 689 374 519 139 675 303 953 496  442  618 470 904  38  61 135 832 464  98 112 732  346 775   9 540 901 593 749  577 685 594 802  529 621 515 363 581 578 874 125 112 474 238 746  336 478  473 362 788 406 637 577 417 848 377 937 438 716 723 543 844 199 420 656 846 708 156 555 712 656 279 566
275 204 428 980 463   4 177   9 243 899 598 582 654 103 613 402 655 818 684 370 684 565 176 509 486 327 491  34 554 719 937 988 811 343  66 290 248  812  815 211 739   2 315 844 454   0 120 756 995  303 607 504  99 880 575 308  637 861 388 536  989 362 703 971 445 301 698 949 357 811 279 460  602 942  889 105 177 441 877 866 985 579 361 454 486 473 831 106 696 961  15 721 127 422 502 852 454 115 416  91
841  42 838 299 801 196 372 126 871 829 308 307 723 583 941 759 771 670 960 777  74  82 744 341 671 937 830 828 794 592 908 563 534 142 329 360 704   95  268  56 688 922 148 527 163 216  16 912 486  871 231  28 160  50 521 215  487 110 223 456   40 111 366 998 840 171 206 360 564 168   4 513  441 561  105 599 342 414 194  15 470 534 560 378 240 437 800  86 574 355 642 581 605 665  43 566 368 146 255  96
539 502 709 458 201 152 250 535   4  57 877 199 637 935 384 968 795 149 702 183 883 627 537  11 897 247 996 933 961 525   7 563 781 431 809 289 208   19  130 551 206 764 121 430 892 385 316 268 501 1000 202 381  93 216 174 569  532 633 967 588  316 558  38 323  23 431 964 208 455 734  28 880  254 695  495  60 348 411 701 817 148  44 175  82 538 703  83 191 863 187 842 164 432 219 877 230 830 242 783 614
 81 232 361 276 117 846 595 661 718 162 628 755 582 112  55 533 581 542 619 851 729 970 140 792 980  90 645 969 131 414 970 546 211 325 819 758 826  548  470 640 671 261 720 325  83 781 473 241 924    5 168 435 677 183 958 343   43  64 502 811  192 148 440 236  95 953 612  58 531  29 840 248  643 439  505 820 560 322 519 476 247 480 817 927 454 238 722 473 545  93  76 864 711 375 250 308 592 322 954 736
969 707 835 714 408 559 921 900 312 204  28 305 891 825 831  47 963 431 602 351 433 103 176 767 849 784 551 935 548 472 516 829 681 911  93 590 477  430   72 579 778 829  82 834 613 526 790 742 786  303   6 148 873  66 229 388  886 413 294 999  341 480 559 207 302 597 254 530 745 537 223 650   60 825  777  80 845  79 455 648 881 149 294 310 765 662 264 766 140 131 588 854 600 262 887 877 571 755 903 721
917  22 113 540 222 209 121 532 872 242 768 542 415 924 872 204 299 702 692 453 310 888 982 750 894 940 178 527 793 250 619  81 203 840 332 952 497  637  273 150 632 152 208 693 286 619 276 269 368  465  48 979 549  29 753 534  917 535 634 668  128 795 564  57 140 815 664 992 132 260  55 290  252 953  700 563 881 750   6 379 184 208 641 948 756 935 875 642 705 102  93 368 139 956 935 697 906 971 630  76
201 696 290  84  69 534 129 236 119 945 455 114 348 322 893 283 644 903 120 769 466 460 565 358 644 924 767 354  58 175 694 824 824 725 378 204 722  206  885 650 160 926 321 203   1 653 904 447 721   86 239 405 407 928 115 196  365 344 856 625  766 555 306 260 461 623  39 237 276 741 440 107  765 950  704  58 393 252 754 406 122 669 596 672  55 900 948 656 988 931 206 651 965 163 146 535 779 372 873 571
905 941  17  80 235 358 462 639 548 906 803 388 456 542 186 967 596 755 917 948 492 107 485 170 297 499  86 103 761 869 831 594 282 680   8 799 844  858  695 256 360 943 250 942 712 735 887 260 388  702 718 259 710 244 765 154  404 237 291 729  584 149 372 149 761 199 137 791 511 976 306 427  266 680  846 436 503 655 582 735 592 628 246  13 484 314 661 187 230 859 729 259 662 554 124 939 183 393 853 611
134 159 866 136 182 358 713 573 235 641 409 118 308  84 170 928   0 377 250 125 566 926 874 769 477 384 536 661 843 567 156 333 447 348 574 935 311  245  290 184 539 981 570 182 365 814 961 185 812  430 394 327 566  27 721 787  132 247 798 571  221 612 845 485 936 801 650 157 689 162 639 273 1000  72  416 951 694 161 257 688 600 407 491 847 372 109 968  42 522 191 583 406 777 605 518 322 462 562 963 867
528 776  89 486 824 758 857 650 677 531 313 163 722 250  81 264 326 653 671 303 560 486 416 980 588 368 263 465 996 294 836 300 318 396  63 411 559  994  448 361 783 629 911 566 837 249 357 472 442   13  32 162 119 111 681 914  685 643 590 745  471 134 875 484 740 383 203 978 801  15 911 594  962 847  261 504 193 898 808 915 678 458 188 915 888 128 515 474 592 650 825 520  89 820 669  16 885 643 966 943
149 853 151 541 858 103  87 870 380 765 818 565 989 737 190 570 364 107   8 267 400 285 325 172 152 510 769 770 585 548 978 314 857 551 178 535 546  371   20 461 408 387 663 785 552 519 197 929 425   14 621 431 767 434 232 110  251 386 705 644  707 941 690  94 253 397 889 889 881 972 440  26   96  80  605 666 476 552 970  35 380 476 808 142 400 919 438 794 180 525 949 695 671 764 188 579 389  72 609 217
156 844  67 568  95 240 572 249 257 999 370 617 307 345 343 199 407 841 482 253  61 574 418 846  26 587 719 214 141 584 978 918 792 391 996 166 133  384  861 949 653 947 136 150 341 752 428 502 619  963 859 150 578 379 953 279  182 606 569 326  460 753 155 296 321 453 896 603 195 553 506 918  378 976  775 237 586 861 523 940 441 630 703  98 902 586 125 760 896 537 266 778 549 121 234 458  33 133 663 920
192 259 737 960 531 613 790 966 513 394 190 450 293 394 547 165  24 180  49 552 263 200 934 165 727 322 471 320 822 723 695 603 589 356  20 407 965  165  188 624 671 308 293 431 320 754 184  11 323  757 122  29 762 295 814 305  331 853 545 519  268 920 223  83 315 962 479 254 619 799 958 805  259 628  275 558 578 404 563 896 725 757 952 967 214 811 641 374 279  44 525 153  26 406 415 653 403 948 240 833
227 680 710 182 752 860 985 942 371 204 711 224 946 706 436 854 217 850 927 980 727 454 416 479 816 686 140 465 467 728 959 804 207 593 347 110 283  429  216 671  64  90 528 731 440 686 533 253  86  314 589 195  79 619 434 982  550 465 845 413  877 349 374 407 200 517 547 526 836 141 749 992  818 756  396 988 104 535 870 761 894 141 915 976  45 659 481 114 681 243 331 759 872 670 880 778 100 230  90 500
508 790 202 757 528 395 241 567 441 422 402  77  84 207 690 319 956 153 797 840   1 522 871  67  54 538 993 150 935 346 386 256  35  50  38 762  19  284  740 327 670 854 559 464 532 289 590 148 251  896 418 578 229 318 506 896  282 926 961  19  800 439 406 828 979 827 539 714 472 951 909  92  843 641  603  83 491   1 981 427 448 221 329  21 839 485 311 882 125 504 720 981 508 693 375 431 202 618 722 749
252 544  21  63 135 492  97 432  63 126 979 134 894  78 273 815 768 432 484 323 887 685  18 356 772 214  86  24 538 220 689 729  27 161 270 349 198  468  999  71 925 742  31 230 261 717 603 958 549  645 315 527 993 108 964  29  537 169 692 958  969 184  88 748 397 395 239 362 698 938 536 695  971 362  268 493 549 149 124 980 410 543  90 350  26 391 691 555 855 525 255 603 191 829 320 170 432 974 887   6
112 648 563 382 713 965 812 397 511 700 897 615 754 861 907 331 826 889 675 247 648 356 336 450 573 647 890 427 159 262 748 338 622 834 817 619 164  793  693 394 541 294 959 197 831 760 656 478 804  744 800 776 402 919  28 981  533 842  13 143  478  89 185 343 441 577 862 754  50 326 942 678  862 508   47 697 102 932 484 672 542 926 558 651 320 848 994 275 554 418 821 438 743 978 823 261 102 101 761 504
550 749 593 768 386 686 520 261 791 387 773 907 394  56 842 848 975 104 303 636  65 444 639 219 235 813 806 571  45 352 812 130 169 428 814 727 374  538  864 987 902 783 224 349 119 145 273 412 863  140 993 441 948 981  12 173  417  21  52 969   61 582 119 543 811  63 612   2  30 674 128 854  383 748  406 536  73 683 507 289 511 281 540 417 986 115 633 572 569  41 997 860 341 931 504 553 750  49 343 917
191 467 724 426 952 359 977 351 605 317 524 894 949 789 737 854 415 969  61 321 360 119 940 847 721 808 648  31 595 119 221 167 212 779 949 359 586  228  381 334 483 418 490 693 367 488 207 534 569  955 542 333 825   3 756 139  327 766 276 574  809 949 511 280  74 632 280 292 418 671  90 633  213 718  515 574 491 227 148 219 379 888 251 990 221 110 259 848 836 508 510 612 103 119 176 714 671 513 192 257
